1	1.931
2	1.015
3	0.668
4	0.769
5	0.897
6	0.635
7	0.695
8	0.616
9	0.719
10	0.958
11	1.076
12	1.135
13	1.033
14	1.063
15	0.842
16	0.958
17	1.015
18	1.224
19	1.139
20	1.116
21	0.972
22	1.222
23	1.421
24	1.237
25	1.009
26	0.938
27	0.956
28	0.996
29	0.955
30	0.837
31	0.814
32	0.888
33	0.867
34	0.929
35	0.940
36	0.982
37	1.077
38	1.234
39	1.069
40	0.768
41	0.692
42	0.531
43	0.703
44	0.793
45	1.059
46	1.082
47	0.876
48	0.908
49	0.917
50	0.979
51	1.179
52	1.182
53	1.154
54	1.001
55	1.107
56	1.171
57	1.201
58	1.094
59	0.809
60	0.643
61	0.569
62	0.619
63	0.611
64	0.883
65	1.157
66	1.202
67	1.220
68	1.374
69	1.273
70	1.224
71	1.214
72	1.329
73	1.266
74	0.759
75	0.690
76	0.645
77	0.616
78	0.974
79	1.116
80	0.957
81	0.873
82	0.925
83	0.977
84	1.090
85	1.051
86	1.220
87	1.323
88	1.222
89	1.092
90	0.805
91	0.712
92	0.842
93	0.741
94	1.148
95	1.137
96	0.856
97	0.959
98	0.873
99	0.805
100	0.874
101	0.873
102	0.886
103	0.857
104	1.157
105	0.976
106	0.956
107	0.949
108	0.639
109	0.703
110	0.621
111	0.591
112	0.595
113	0.668
114	0.826
115	1.105
116	1.100
117	1.018
118	1.145
119	1.119
120	0.973
121	0.960
122	0.819
123	0.888
124	1.238
125	1.234
126	1.275
127	1.107
128	1.314
129	1.141
130	1.273
131	1.129
132	0.956
133	0.798
134	0.719
135	0.702
136	0.737
137	0.858
138	0.905
139	0.879
140	1.245
141	1.779
142	1.277
143	1.388
144	1.617
145	1.654
146	1.208
147	1.340
148	1.071
149	1.125
150	0.671
151	0.684
152	0.754
153	0.647
154	0.639
155	0.621
156	0.668
157	0.822
158	1.330
159	2.760
